residue fracD fracD_err fracH fracH_err
D2 0.9689753258740423 0.001241607001361138 0.031024674125957608 0.0012416069337137627
V3 0.978357635177973 0.0011904338222987977 0.02164236482202697 0.0011904338366258529
F4 0.9607317817651024 0.0016116066188021144 0.03926821823489762 0.001611606629228002
M5 0.9497919592127235 0.002023103802460872 0.05020804078727653 0.0020231037009274273
K6 0.9659964206916456 0.000731791333549254 0.03400357930835435 0.000731791278813446
L8 0.966186442031999 0.003342590720640379 0.03381355796800101 0.003342590666183379
S9 0.9592855651482727 0.004606151327849007 0.04071443485172732 0.004606151279468528
K10 0.9692711798102125 0.0016376325275477748 0.03072882018978751 0.0016376326982829221
A11 0.9367056708021543 0.0012315225767594758 0.06329432919784572 0.0012315225854892021
K12 0.9668912030577387 0.0014280862830887886 0.03310879694226132 0.001428086444544722
E13 0.9669782199254356 0.0016315341092656161 0.033021780074564355 0.0016315342182737708
V15 0.9744250931442653 0.0015130871809109516 0.02557490685573477 0.0015130873536988061
V16 0.9734768982377385 0.002947494348358405 0.02652310176226147 0.0029474947276084107
A17 0.9572567858179298 0.002122335752219295 0.042743214182070166 0.002122335787339953
A18 0.9416372756204963 0.001421264718274994 0.05836272437950374 0.001421264766557097
A19 0.9399851729123943 0.002309545972531005 0.06001482708760569 0.0023095460407736336
E20 0.9631327780062693 0.002629695807856414 0.03686722199373077 0.002629695953296027
K21 0.9783978381035501 0.0036105925662412025 0.021602161896449867 0.0036105920552101708
T22 0.9733246758410908 0.002401867719117267 0.026675324158909164 0.0024018679889842
K23 0.9607217020951087 0.0014150259801207884 0.0392782979048914 0.0014150260886938884
Q24 0.9652540005119348 0.001326823694527206 0.03474599948806517 0.001326823583106378
V26 0.9800329189296323 0.0024674792138502065 0.01996708107036771 0.0024674794496074206
A27 0.936343465951301 0.0012131984475914535 0.06365653404869903 0.0012131984294685304
E28 0.9680987496912783 0.00222226726859495 0.03190125030872176 0.00222226718388983
A29 0.95908965932747 0.0028130394253293965 0.04091034067252991 0.002813039669584975
A30 0.9420362358603946 0.0017805629333336001 0.05796376413960541 0.001780562985778422
K32 0.9617041271071558 0.0020734441534131795 0.038295872892844196 0.0020734441741696004
T33 0.9803910276465092 0.001625364442267142 0.019608972353490794 0.001625364267927426
K34 0.9609863249940926 0.0007238186671932059 0.039013675005907356 0.000723818642342628
E35 0.958682635496111 0.0033667189754590164 0.04131736450388901 0.0033667188483673927
V37 0.977599304530572 0.002408565688444807 0.022400695469428022 0.002408566050163074
L38 0.9661559230695256 0.0021000371060966258 0.033844076930474476 0.0021000369266577145
Y39 0.9593559374988163 0.0016335555489962693 0.04064406250118363 0.0016335556165522557
V40 0.9812944461213229 0.0018310857774168593 0.01870555387867706 0.001831086100205143
S42 0.9526738559002589 0.0019139771111928753 0.04732614409974112 0.0019139771220607873
K43 0.9583198422864909 0.0023581969566334533 0.041680157713509136 0.002358196775787264
K45 0.9643793204577656 0.0015628365930977315 0.03562067954223436 0.0015628364878309486
E46 0.9678388916037561 0.0018980060323669844 0.03216110839624381 0.0018980062077658725
V48 0.972133479770213 0.002040817181055752 0.027866520229786973 0.0020408171987936576
V49 0.9841056501359277 0.0013743489654535685 0.015894349864072344 0.0013743486605970222
H50 0.9628299182158979 0.0017655131664095196 0.03717008178410203 0.0017655133173916202
V52 0.9804394535554459 0.0015478488374102704 0.019560546444554017 0.0015478486028937509
A53 0.9442358679449414 0.002491694631719049 0.055764132055058646 0.002491694501324569
T54 0.9735682052320409 0.0017102123566609994 0.026431794767959038 0.0017102123280825815
V55 0.9845274811835375 0.0008619073704497015 0.0154725188164625 0.0008619075040854019
A56 0.9432569588484512 0.0021579379969791034 0.05674304115154888 0.002157937873205648
E57 0.9641582234348063 0.0014202258371046308 0.03584177656519377 0.0014202259310061192
K58 0.9525339137827784 0.0020089548783662472 0.04746608621722154 0.0020089547992565428
T59 0.9793672010945462 0.0016171575384585893 0.02063279890545372 0.0016171574750233582
K60 0.9628053655172886 0.0012774553382955847 0.037194634482711375 0.0012774552958329753
E61 0.9612328637700767 0.0010032436284060882 0.03876713622992334 0.001003243617964731
Q62 0.9667989492980298 0.001832621243237363 0.03320105070197016 0.0018326212812501573
V63 0.9759366223834463 0.0032778176072564328 0.024063377616553805 0.003277817984490423
N65 0.8213140792200845 0.0009321938651472265 0.17868592077991552 0.0009321938578657844
V66 0.9812844881914906 0.00149087476802274 0.01871551180850939 0.0014908750489292784
A69 0.9584633073278424 0.0009880100738286649 0.041536692672157594 0.0009880100772120682
V70 0.9721672856345414 0.0011633945963473264 0.0278327143654587 0.0011633946543372529
V71 0.9809582611806633 0.0018546152497492903 0.01904173881933674 0.0018546155556185228
T72 0.9727731250984142 0.0024239255716973374 0.027226874901585763 0.0024239254322917757
V74 0.9849648045890466 0.0011237670310374674 0.01503519541095344 0.0011237669018950556
T75 0.9814675530519735 0.001018721414491842 0.01853244694802647 0.0010187213832200865
A76 0.9501549046996027 0.0011616711063342007 0.04984509530039721 0.0011616710964649632
V77 0.9851796093442691 0.0011070813178420185 0.014820390655730875 0.0011070811296614272
A78 0.9390359840114577 0.0018928768502654808 0.060964015988542286 0.0018928767845060603
Q79 0.9656999544040316 0.001300792845264045 0.03430004559596844 0.0013007928990024867
K80 0.9580455246888709 0.0011007454824639375 0.04195447531112906 0.0011007455519940063
T81 0.9733233240623662 0.0011810130345058486 0.026676675937633842 0.001181013144985444
V82 0.9792973590889711 0.0009190347106558724 0.02070264091102897 0.0009190346864048733
E83 0.9671110539678098 0.0019666376090434375 0.03288894603219017 0.0019666374365192143
A85 0.946126743547256 0.0031796862704124088 0.053873256452743934 0.003179686086180543
S87 0.956895091181651 0.0018439909843485198 0.04310490881834905 0.0018439909611596703
I88 0.9783503676972768 0.0013495387321026456 0.02164963230272321 0.0013495389456066639
A89 0.9426023174350767 0.002717844252142036 0.05739768256492328 0.002717844092090034
A90 0.9423598009893734 0.0012914422697981568 0.057640199010626614 0.0012914422785911595
A91 0.9334880016091978 0.0018881049464002616 0.06651199839080224 0.0018881050117024356
T92 0.9870579064303886 0.0014043086770344966 0.012942093569611346 0.0014043085917251283
F94 0.9533573332024387 0.0014601081692570328 0.04664266679756135 0.0014601081145472813
V95 0.9796328755716872 0.0020423226608313376 0.020367124428312844 0.002042322411790684
K96 0.9722443219789412 0.0016449711350082898 0.02775567802105877 0.0016449709332502142
K97 0.9575108589774337 0.0011037945581923853 0.04248914102256629 0.0011037945529123396
D98 0.955201412449185 0.0020536776423066374 0.04479858755081495 0.002053677689673023
Q99 0.9626830992336861 0.001219455645491603 0.03731690076631394 0.0012194556788123543
L100 0.9633240272645067 0.002739327999975588 0.03667597273549328 0.0027393278512541108
K102 0.9577472632378925 0.0017809228733522177 0.04225273676210756 0.0017809228199635184
N103 0.877242843611943 0.001960895639797217 0.12275715638805695 0.00196089559530335
E104 0.9674978236185731 0.001587659784789103 0.03250217638142694 0.001587659882679392
E105 0.9662506323015445 0.0015216795128710587 0.03374936769845549 0.0015216794973925481
P108 0.9642306612044933 0.0012907924299629845 0.035769338795506644 0.0012907923990958861
Q109 0.9613182822193191 0.0008975052945660155 0.03868171778068091 0.0008975052557842383
E110 0.9647721615879916 0.0010929906049767248 0.03522783841200833 0.0010929905897224053
I112 0.9771345948926594 0.0033137211455294547 0.022865405107340586 0.0033137208467673256
L113 0.9582917033833505 0.0008790614045291293 0.04170829661664949 0.0008790614533089027
E114 0.9593906486291494 0.0010923697724703587 0.040609351370850644 0.0010923697477287786
D115 0.9696584591802795 0.000896307478367216 0.030341540819720514 0.0008963074063615251
V118 0.9405379908953562 0.0034240901018754923 0.05946200910464389 0.003424090215287656
D121 0.9639160254691429 0.005085378067694801 0.0360839745308571 0.0050853781503752285
N122 0.9205089907713021 0.002055045972558161 0.0794910092286979 0.002055045906125259
E123 0.9515860642540883 0.005330464720640619 0.04841393574591163 0.005330464687297977
Y125 0.9703768072912169 0.0037853571991591727 0.029623192708783164 0.0037853573148147264
E126 0.9707979292312681 0.00159190620356003 0.02920207076873188 0.0015919062407130015
P128 0.9591690834062466 0.0031419598987617167 0.040830916593753375 0.0031419598169888517
S129 0.952577103485919 0.0014799300032853752 0.0474228965140811 0.0014799299859166028
E130 0.9560708752855898 0.0014967265945159658 0.043929124714410295 0.0014967265468418096
E131 0.9670271527751297 0.0007870939715856411 0.03297284722487026 0.0007870939075966219
Y133 0.9422469899734109 0.001792504226335884 0.05775301002658911 0.0017925042936125127
Q134 0.9701053138944041 0.001217840530744469 0.02989468610559587 0.0012178404847206755
D135 0.9682842366463545 0.0016996644968861763 0.031715763353645454 0.0016996643767474414
Y136 0.9615587708713038 0.001754153826210291 0.03844122912869624 0.0017541538041727742
P138 0.971114443031202 0.002075931203905293 0.02888555696879802 0.0020759311120034925
E139 0.9654498595922707 0.0017764048371547673 0.03455014040772936 0.0017764047787768118
