residue fracD fracD_err fracH fracH_err
D2 0.9780259114956514 0.0009839276616886697 0.021974088504348566 0.0009839277397288594
V3 0.9620751431353851 0.001353163301798583 0.037924856864614886 0.0013531633345215458
F4 0.9867011215050815 0.0013221514336078306 0.013298878494918509 0.0013221516236301947
M5 0.9646871378275571 0.0007128786621917258 0.035312862172442894 0.0007128786817392002
K6 0.9799272933866261 0.0008992433892479844 0.02007270661337396 0.0008992432478776677
G7 0.9160079501213876 0.0007870596355800863 0.08399204987861236 0.0007870596079864183
L8 0.9896016833834462 0.0014321662303383316 0.010398316616553827 0.0014321661598387246
S9 0.9501347494643575 0.0023734019726517836 0.04986525053564245 0.00237340201983212
K10 0.9775554679131152 0.0009499293725166924 0.022444532086884794 0.0009499294049093136
A11 0.9741740210619776 0.0013365695038586958 0.025825978938022465 0.0013365693945199596
K12 0.9760367677079519 0.0006436581447934143 0.02396323229204811 0.0006436580634978863
E13 0.9866283296257985 0.0022835955954775885 0.013371670374201505 0.002283595871830472
G14 0.9349019940500491 0.0006363447791279964 0.0650980059499508 0.000636344775918554
V15 0.9754596966244307 0.001012866791905143 0.024540303375569394 0.00101286687293454
V16 0.9811516539908425 0.0021366065326711725 0.018848346009157524 0.002136606682928087
A17 0.9547344039627117 0.0010416353973696105 0.0452655960372883 0.0010416353899442188
A18 0.9719837877559792 0.0018116864048082133 0.0280162122440209 0.001811686334734884
A19 0.9733237150996161 0.0009123804887331776 0.026676284900383818 0.0009123804507160057
E20 0.9840118233370054 0.002286705637161072 0.015988176662994513 0.0022867058999101967
K21 0.9707669662498022 0.0007828711177097173 0.029233033750197812 0.0007828711920341326
T22 0.9479022943350324 0.0021333187934522036 0.052097705664967686 0.0021333188509202973
K23 0.9836872902883693 0.0016523833531231318 0.01631270971163068 0.0016523832286115476
Q24 0.9814483177546611 0.0016129426998092433 0.01855168224533893 0.001612942791500403
G25 0.9294808304498475 0.000772435301814602 0.07051916955015247 0.000772435278757098
V26 0.9842402404437964 0.0009554121552319747 0.015759759556203623 0.0009554119842528607
A27 0.9735771268321678 0.0013102614820389338 0.02642287316783226 0.0013102614834497592
E28 0.9821435656191373 0.0012155717446862696 0.017856434380862707 0.0012155717714563276
A29 0.9516586460094847 0.0028190610183994914 0.04834135399051531 0.0028190608885102124
A30 0.9724327399252202 0.0013567859727809009 0.027567260074779887 0.001356785794720747
G31 0.9166606920945591 0.0010002466482259746 0.08333930790544086 0.0010002466088943997
K32 0.9850910279308482 0.001178814439407856 0.014908972069151705 0.0011788143557187724
T33 0.9527402622614535 0.0013480841068788595 0.047259737738546526 0.0013480840272114428
K34 0.986040755219447 0.001479290236193595 0.013959244780552993 0.001479290330183382
E35 0.9900741066165679 0.005192177957044992 0.009925893383432027 0.005192179353446514
G36 0.9315854878963478 0.0006753351259413532 0.06841451210365224 0.0006753351536522059
V37 0.9779239663390835 0.001021703003589951 0.022076033660916483 0.0010217030315962231
L38 0.9701556793869837 0.0015377688964224665 0.029844320613016395 0.0015377690524332693
Y39 0.9854447782973439 0.0010841897737876051 0.014555221702656107 0.0010841896558361388
V40 0.9887951428437047 0.0013821965738183106 0.011204857156295212 0.0013821965463217025
G41 0.9181598712131114 0.0007486008057962568 0.08184012878688862 0.0007486008156784392
S42 0.9332544816173023 0.0014782020089765227 0.06674551838269777 0.0014782020636775813
K43 0.9899443205255589 0.0008296705650473347 0.010055679474441137 0.0008296705358819176
K45 0.9819194710639524 0.000655811936877437 0.018080528936047613 0.0006558119408864108
E46 0.9871286753802002 0.0020254455948273335 0.01287132461979984 0.002025446118693283
G47 0.9388458066929254 0.0005873395710257655 0.06115419330707461 0.0005873395626785047
V48 0.9839588499016014 0.0018843387573317307 0.016041150098398627 0.0018843389505034747
V49 0.9756790463706385 0.0016327098083107512 0.024320953629361486 0.0016327098777976388
H50 0.954535066859779 0.003926157989186969 0.04546493314022104 0.003926158008329659
G51 0.9248250903449804 0.0004332679003600774 0.07517490965501966 0.0004332679036451618
V52 0.9813875191833759 0.002201679480577337 0.01861248081662409 0.0022016798222268285
A53 0.9740016737147061 0.0014855289155217197 0.025998326285293916 0.00148552882433844
T54 0.9568151748683074 0.0012668172021398638 0.043184825131692695 0.0012668171176120333
V55 0.976085401960145 0.0019101311415005917 0.023914598039855017 0.0019101308528427954
A56 0.9715763423564598 0.0011955511123510044 0.0284236576435401 0.0011955511908119086
E57 0.9823011035239781 0.002334559488338559 0.017698896476021908 0.002334559658473418
K58 0.9900732601302201 0.0024158531974693984 0.009926739869779877 0.002415854052897378
T59 0.9572809988025092 0.0010718397794274438 0.042719001197490836 0.0010718398323603152
K60 0.9835486299701521 0.0016359433110322656 0.016451370029847867 0.0016359429464333898
E61 0.9845508419366598 0.001610862287648758 0.015449158063340185 0.0016108625943339304
Q62 0.98686326327243 0.0011497112642550097 0.013136736727569986 0.001149711236156582
V63 0.9870587219392035 0.000692150424720761 0.012941278060796535 0.0006921505995512501
N65 0.9572880309551771 0.0020110368663712815 0.042711969044822884 0.0020110370219873835
V66 0.976629832086254 0.001399757473694193 0.02337016791374602 0.0013997574024550445
G67 0.9378264093489104 0.0010685216143695175 0.06217359065108957 0.001068521560435247
G68 0.9348341601425557 0.00042142449817034254 0.06516583985744429 0.0004214244966708056
A69 0.963160866327303 0.0005411968322726953 0.03683913367269698 0.0005411968129032702
V70 0.9782994966391342 0.001798821793821336 0.02170050336086582 0.0017988219528857518
V71 0.981003124428889 0.001407999897429093 0.018996875571110905 0.0014079998854201231
T72 0.9267493757449965 0.0014969243440034934 0.0732506242550035 0.0014969243991341421
G73 0.9249146260079165 0.0008160658842594375 0.07508537399208348 0.0008160659088154342
V74 0.975183519837518 0.0015761489591153749 0.02481648016248189 0.0015761489990373044
T75 0.9513330135813601 0.0013341085153369037 0.04866698641863987 0.0013341085859470644
A76 0.9741706002287466 0.0011234348613413747 0.025829399771253425 0.0011234349757021438
V77 0.9723370322371826 0.0009888169347518204 0.027662967762817403 0.0009888168502911212
A78 0.9730139896033478 0.0017107738533378026 0.026986010396652105 0.0017107738548601285
Q79 0.9816588496763597 0.0018435780672481734 0.018341150323640254 0.0018435777117784345
K80 0.9849971938662415 0.001325445103130139 0.015002806133758484 0.0013254448088327972
T81 0.9613893656409314 0.0012428593517558942 0.03861063435906864 0.0012428592606952033
V82 0.9789806154315566 0.0012737453144674338 0.021019384568443433 0.0012737453328589552
E83 0.9866798367995155 0.0012603643027906458 0.013320163200484514 0.001260363979457558
G84 0.9166917769250656 0.0008096226562801757 0.08330822307493435 0.0008096226508376393
A85 0.9715951893059864 0.0013325291042917797 0.028404810694013516 0.0013325289839235012
G86 0.8969119126474372 0.001397038022260885 0.10308808735256286 0.0013970380594506013
S87 0.9646338705584914 0.0010474597611246515 0.03536612944150869 0.0010474597703470868
I88 0.9837112635780391 0.0013572247838047054 0.016288736421960937 0.0013572249045799272
A89 0.9722739906426324 0.0010431629563229612 0.027726009357367576 0.0010431629514040695
A90 0.9746109176645752 0.001097716196485791 0.025389082335424806 0.001097716179433971
A91 0.98111406737513 0.0012346824154652158 0.018885932624870094 0.0012346826434568381
T92 0.9245628513597645 0.0021819293343239917 0.07543714864023554 0.002181929269090402
G93 0.9221108100906473 0.0004630749695439827 0.07788918990935267 0.00046307497421250543
F94 0.9874350622166334 0.001081231824845478 0.012564937783366648 0.0010812320824176806
V95 0.974502286831133 0.000811092473717118 0.02549771316886701 0.0008110923861958081
K96 0.9571030806396426 0.0015662640862772028 0.04289691936035739 0.0015662639651514677
K97 0.9818737420309824 0.0013780475023608676 0.018126257969017623 0.001378047310762274
D98 0.9817461220421799 0.0018831474235316919 0.018253877957820075 0.0018831474440448978
Q99 0.9840208787663296 0.002233278646663743 0.015979121233670346 0.00223327848778042
L100 0.9878582982526702 0.0022887889874622894 0.012141701747329758 0.0022887884573829747
G101 0.9476875296466785 0.0006179069143748011 0.052312470353321594 0.0006179069510632741
K102 0.9825832694548945 0.0013465327567573106 0.017416730545105508 0.001346532758457884
N103 0.9826523593709591 0.002048587245323168 0.017347640629040928 0.002048587167360786
E104 0.9849027446538428 0.0017810629623934546 0.015097255346157301 0.001781062796793977
E105 0.9811144066123391 0.0032808264585847094 0.018885593387660937 0.0032808270234581
G106 0.9570176006505369 0.00048406635363113014 0.042982399349463185 0.00048406635234512195
P108 0.9856577345004204 0.0012013760966935484 0.01434226549957962 0.0012013762775106172
Q109 0.9862772963759019 0.0017086054065516922 0.01372270362409811 0.0017086055015854658
E110 0.9847508776554887 0.0019155630461828096 0.015249122344511257 0.0019155626297652035
G111 0.9492455443763743 0.00039535795043593014 0.05075445562362568 0.00039535793416693607
I112 0.9732337971406879 0.0013986800085124254 0.026766202859312138 0.0013986801778584732
L113 0.9889942169021728 0.0012233028110002233 0.011005783097827126 0.0012233025644229
E114 0.9854602118700917 0.00044367264317704487 0.01453978812990836 0.00044367260416328265
D115 0.9763025798489203 0.0017290195272466019 0.023697420151079673 0.0017290194686122617
V118 0.9771958069059358 0.0013126832987123379 0.02280419309406423 0.0013126832926902646
D121 0.9861053609073392 0.0026228944823314284 0.013894639092660754 0.0026228943281803923
N122 0.9889425047756865 0.0010277523957478683 0.01105749522431354 0.0010277523170644112
E123 0.9818179349915162 0.0021100650303898256 0.018182065008483794 0.0021100649921608405
Y125 0.9684690920991992 0.0007409227657494517 0.03153090790080082 0.0007409227342747713
E126 0.9685711919707941 0.0014049445308553189 0.03142880802920589 0.0014049445999411757
P128 0.9856317279666955 0.0010638259390527121 0.014368272033304486 0.0010638258439477281
S129 0.9706304503771865 0.0009453604187145209 0.029369549622813407 0.0009453603522254328
E130 0.9890564999213614 0.001674076660476365 0.010943500078638702 0.0016740769077138377
E131 0.9831722182779286 0.0006759552742670143 0.0168277817220715 0.0006759553131786288
G132 0.9338790517460673 0.0006932653196940916 0.06612094825393267 0.0006932653156201193
Y133 0.9689157874522152 0.0010750993803942792 0.031084212547784873 0.0010750993507167498
Q134 0.9794580801283563 0.0010531781927920025 0.02054191987164372 0.0010531783127098746
D135 0.9813377791019124 0.0008562649701387208 0.01866222089808761 0.0008562651029046971
Y136 0.9815536757601621 0.0007575209789418267 0.01844632423983794 0.0007575208961539438
P138 0.9592147361268432 0.0017121525431390316 0.04078526387315684 0.0017121526848050796
E139 0.9818111893976643 0.0005327623773820823 0.01818881060233568 0.0005327623411702929
